148.4055938720703
82.36683654785156
64.60662841796875
57.44184494018555
52.0516242980957
50.50510025024414
48.52445983886719
47.35990905761719
46.56709671020508
45.61936569213867
44.79517364501953
44.21342849731445
43.61038589477539
43.08433532714844
42.652591705322266
42.15411376953125
41.65732955932617
41.24147033691406
40.83339309692383
40.5029182434082
40.173187255859375
39.864540100097656
39.59187698364258
39.286949157714844
38.96487045288086
38.78682327270508
38.53203201293945
38.29900360107422
38.08541488647461
37.88624572753906
37.62058639526367
37.46338653564453
37.29410934448242
37.121910095214844
36.979434967041016
36.82575988769531
36.68717575073242
36.54095458984375
36.404109954833984
36.27971649169922
36.1982536315918
36.170814514160156
36.132850646972656
36.097442626953125
36.02387237548828
35.80119323730469
35.79727554321289
35.70426559448242
35.598838806152344
35.509979248046875
35.43718719482422
35.49691390991211
35.6930046081543
35.54277801513672
35.3740348815918
35.533042907714844
35.46989059448242
35.28279495239258
35.153358459472656
35.187625885009766
35.17521286010742
34.970848083496094
34.990570068359375
35.053932189941406
34.72504806518555
34.891212463378906
34.80728530883789
34.68602752685547
34.6904296875
34.6693115234375
34.63219451904297
34.59566879272461
34.49835968017578
34.50141143798828
34.44609832763672
34.433799743652344
34.36466979980469
34.32215881347656
34.302696228027344
34.27396011352539
34.27711486816406
34.29648208618164
34.30535125732422
34.11655807495117
34.07289123535156
34.11171340942383
33.953609466552734
34.02560043334961
34.063846588134766
34.16794204711914
33.95134353637695
33.99771499633789
34.11024475097656
33.918148040771484
33.89459228515625
33.9635009765625
33.904727935791016
33.841217041015625
33.747127532958984
33.85664367675781
34.00127410888672
33.821292877197266
33.79615020751953
33.90229034423828
33.651344299316406
33.672969818115234
33.605960845947266
33.59965896606445
33.59469985961914
33.598262786865234
33.5439453125
33.49921798706055
33.501930236816406
33.44226837158203
33.45750427246094
33.4804573059082
33.4117546081543
33.3733024597168
33.67813491821289
33.54143524169922
33.65509796142578
33.51416015625
33.372886657714844
33.422630310058594
33.39977264404297
33.2448844909668
33.25312805175781
33.24369430541992
33.47319793701172
33.43777847290039
33.20497512817383
33.32498550415039
33.16462707519531
33.36613464355469
33.30135726928711
33.29084777832031
33.36281204223633
33.315704345703125
33.36635208129883
33.3515510559082
33.123809814453125
33.107017517089844
33.12947082519531
33.13616943359375
33.09502410888672
33.019378662109375
32.97364044189453
33.00062942504883
33.076324462890625
32.84285354614258
32.8897705078125
32.86066818237305
32.75496292114258
32.86590576171875
32.766300201416016
33.12533187866211
33.267723083496094
33.247642517089844
32.898345947265625
32.923973083496094
33.15802764892578
33.34074401855469
33.175689697265625
33.14553451538086
33.075836181640625
33.06009292602539
32.996543884277344
32.955650329589844
32.90304183959961
32.89739227294922
32.82661056518555
32.81842803955078
32.86308288574219
32.919166564941406
32.821189880371094
32.8730583190918
32.85714340209961
32.79912185668945
32.87873840332031
32.93751907348633
32.831268310546875
33.0515022277832
32.88924789428711
32.79625701904297
32.8785400390625
32.72196960449219
32.76519012451172
32.72727584838867
32.633544921875
32.6765251159668
32.77977752685547
32.60826873779297
32.58930206298828
32.64288330078125
32.66157150268555
32.50725555419922
32.46936798095703
32.42377853393555
32.40351486206055
32.43003845214844
32.25575256347656
32.334800720214844
32.26618576049805
32.33905029296875
32.31547927856445
32.27939987182617
32.2495231628418
32.24713134765625
32.235321044921875
32.22090530395508
32.338287353515625
32.37649154663086
32.29212951660156
32.36313247680664
32.20331573486328
32.29856491088867
32.25524139404297
32.18413162231445
32.32807540893555
32.14397048950195
32.192935943603516
32.36623001098633
32.208988189697266
32.38321304321289
32.37601852416992
32.4027214050293
32.24578857421875
32.396995544433594
32.211212158203125
32.34446334838867
32.27517318725586
32.27882766723633
32.28217315673828
32.28743362426758
32.24770736694336
32.31180953979492
32.281986236572266
32.34876251220703
32.296119689941406
32.13506317138672
32.18704605102539
32.088382720947266
32.183204650878906
32.099525451660156
32.01382827758789
31.996580123901367
32.129417419433594
32.00907897949219
31.975378036499023
32.076316833496094
32.083248138427734
31.963336944580078
31.963035583496094
31.980884552001953
31.926618576049805
31.865373611450195
31.856430053710938
31.79026985168457
31.822378158569336
31.820955276489258
31.714879989624023
31.812734603881836
31.947303771972656
31.95497703552246
32.0535888671875
32.22208023071289
32.2340087890625
32.131309509277344
32.39020919799805
32.308597564697266
32.09174346923828
32.1082649230957
32.08417510986328
32.11590576171875
32.253395080566406
32.22243118286133
32.09468460083008
32.04024124145508
32.20756912231445
32.03828048706055
32.121131896972656
32.03804397583008
31.9190673828125
31.94202995300293
31.96110725402832
31.9246768951416
31.997770309448242
31.91973304748535
31.890886306762695
31.825912475585938
31.725004196166992
31.697776794433594
31.8924560546875
31.829757690429688
31.795116424560547
31.767963409423828
31.801523208618164
31.6961612701416
31.891660690307617
31.90699005126953
31.799514770507812
31.81146812438965
31.789653778076172
31.982105255126953
31.81893539428711
31.888185501098633
31.774280548095703
31.931520462036133
31.9527587890625
32.072322845458984
32.09174346923828
31.872907638549805
31.824922561645508
31.70482635498047
31.743213653564453
31.740707397460938
31.749971389770508
31.842199325561523
31.815715789794922
31.758981704711914
31.88620948791504
31.70879554748535
31.687807083129883
31.67099952697754
31.684282302856445
31.79348373413086
31.608625411987305
31.613632202148438
31.83089256286621
31.659378051757812
31.58949851989746
31.523149490356445
31.6066951751709
31.635862350463867
31.47188949584961
31.462995529174805
31.583099365234375
31.49966812133789
31.51728630065918
31.51307487487793
31.47665786743164
31.443355560302734
31.521581649780273
31.43692398071289
31.648460388183594
31.618988037109375
31.75041961669922
31.796855926513672
31.87847137451172
31.716930389404297
31.892967224121094
31.81859016418457
31.79583168029785
31.794357299804688
31.56538200378418
31.743499755859375
31.77219581604004
31.650503158569336
31.578834533691406
31.625774383544922
31.797576904296875
31.661434173583984
31.624128341674805
31.508169174194336
31.556869506835938
31.449203491210938
31.471820831298828
31.437429428100586
31.464414596557617
31.446117401123047
31.441883087158203
31.496715545654297
31.5628719329834
31.525724411010742
31.673215866088867
31.616439819335938
31.666667938232422
31.7789363861084
31.67002296447754
31.824947357177734
31.797653198242188
32.15458679199219
32.346466064453125
32.123435974121094
32.088218688964844
32.05813980102539
31.958250045776367
31.872285842895508
31.721290588378906
31.739931106567383
31.76688003540039
31.76715087890625
31.720672607421875
31.78500747680664
31.68065643310547
31.688899993896484
31.63833236694336
31.63045883178711
31.354516983032227
31.37331771850586
31.402782440185547
31.385967254638672
31.273666381835938
31.308128356933594
31.259740829467773
31.20256996154785
31.219755172729492
31.232364654541016
31.236675262451172
31.122007369995117
31.07577896118164
31.172908782958984
31.1622257232666
31.02075958251953
31.14262580871582
30.98238754272461
31.05572509765625
31.151649475097656
31.135194778442383
31.011310577392578
31.023563385009766
30.94508171081543
31.000425338745117
30.976938247680664
30.94748878479004
30.93308448791504
30.851951599121094
30.915611267089844
30.958600997924805
30.869970321655273
30.900558471679688
30.924724578857422
30.899736404418945
30.93990135192871
30.897064208984375
30.877399444580078
30.97293472290039
30.792190551757812
30.79669761657715
30.891937255859375
30.839481353759766
30.764541625976562
30.79155158996582
30.807178497314453
30.907943725585938
30.811447143554688
30.764070510864258
30.818944931030273
30.78643035888672
30.81911849975586
30.76581382751465
30.744903564453125
30.84440040588379
30.664936065673828
30.71140480041504
30.642736434936523
30.76446533203125
30.662067413330078
30.707958221435547
30.712566375732422
30.705368041992188
30.665210723876953
30.675518035888672
30.693944931030273
30.72576141357422
30.685970306396484
30.76292610168457
30.71757698059082
30.7087459564209
30.65676498413086
30.743709564208984
30.658140182495117
30.60233497619629
30.656940460205078
30.737606048583984
30.608224868774414
30.651254653930664
30.61128807067871
30.677522659301758
30.496774673461914
30.641517639160156
30.698341369628906
30.56351661682129
30.6165714263916
30.622604370117188
30.624591827392578
30.603776931762695
30.532201766967773
30.60679054260254
30.60087013244629
30.47377586364746
30.55893898010254
30.624216079711914
30.57289695739746
30.625385284423828
30.52719497680664
30.532541275024414
30.544565200805664
30.44671630859375
30.464176177978516
30.56987762451172
30.496610641479492
30.51837158203125
30.53411102294922
30.47237777709961
30.37447738647461
30.526193618774414
30.450115203857422
30.563505172729492
30.54254913330078
30.494464874267578
30.415016174316406
30.477313995361328
30.45492935180664
30.47089385986328
30.456825256347656
30.470739364624023
30.401525497436523
30.38533592224121
30.463563919067383
30.51343536376953
30.313142776489258
30.472681045532227
30.424898147583008
30.375896453857422
30.36571502685547
30.446971893310547
30.425708770751953
30.334196090698242
30.376876831054688
30.388111114501953
30.465225219726562
30.363096237182617
30.424911499023438
30.445444107055664
30.533069610595703
30.38794708251953
30.294872283935547
30.38650894165039
30.339609146118164
30.309602737426758
30.412704467773438
30.33043098449707
30.330909729003906
30.356290817260742
30.372236251831055
30.401729583740234
30.238649368286133
30.318904876708984
30.368026733398438
30.3877010345459
30.327045440673828
30.36924934387207
30.239885330200195
30.250354766845703
30.338232040405273
30.35594367980957
30.26848030090332
30.366779327392578
30.241844177246094
30.32269287109375
30.197763442993164
30.385488510131836
30.262802124023438
30.17543601989746
30.25183868408203
30.16209602355957
30.315954208374023
30.186771392822266
30.18545913696289
30.24846839904785
30.297412872314453
30.253570556640625
30.163679122924805
30.136865615844727
30.205720901489258
30.255937576293945
30.20481300354004
30.15057373046875
30.195558547973633
30.198196411132812
30.182682037353516
30.29600715637207
30.063570022583008
30.211544036865234
30.225608825683594
30.134153366088867
30.157981872558594
30.294851303100586
30.239269256591797
30.20920181274414
30.222251892089844
30.19074249267578
30.148651123046875
30.300840377807617
30.070724487304688
30.118871688842773
30.09259796142578
30.09518814086914
30.10821533203125
30.301044464111328
30.19680404663086
30.058975219726562
30.22410774230957
30.064374923706055
30.16942596435547
30.185659408569336
30.164926528930664
30.201427459716797
30.150686264038086
30.098857879638672
30.076688766479492
30.058019638061523
30.15560531616211
30.123313903808594
30.1239013671875
30.10054588317871
30.11452293395996
30.09481430053711
30.111404418945312
30.12929344177246
30.17787742614746
30.105390548706055
30.174177169799805
30.076826095581055
30.133256912231445
30.09708023071289
30.060285568237305
30.004165649414062
30.10948944091797
30.113834381103516
30.25246238708496
30.193405151367188
30.09014129638672
30.110973358154297
30.122173309326172
30.254192352294922
30.12602996826172
30.077781677246094
30.172473907470703
30.097877502441406
30.121379852294922
30.1734561920166
30.138797760009766
30.155874252319336
30.125286102294922
30.184656143188477
30.046144485473633
30.03892707824707
30.037199020385742
30.116077423095703
30.128402709960938
30.054401397705078
30.055049896240234
29.975574493408203
30.032455444335938
30.072763442993164
29.980207443237305
29.955371856689453
30.00572967529297
30.008060455322266
30.013669967651367
30.1133975982666
30.00430679321289
30.053470611572266
29.97191619873047
30.00273323059082
29.994733810424805
29.956960678100586
29.949562072753906
29.942249298095703
30.059783935546875
29.98031997680664
29.99507713317871
29.989004135131836
30.043460845947266
29.962974548339844
29.970245361328125
30.064306259155273
30.05203628540039
29.882858276367188
30.017406463623047
29.935094833374023
29.989919662475586
29.926965713500977
30.01026153564453
29.93416404724121
29.974334716796875
29.88736915588379
29.855545043945312
29.882171630859375
29.938785552978516
29.892013549804688
29.83017921447754
29.873395919799805
29.96881103515625
29.913063049316406
29.88898468017578
29.848188400268555
29.828731536865234
29.890010833740234
29.872852325439453
29.945871353149414
29.83780860900879
30.025516510009766
29.850141525268555
29.796783447265625
29.948637008666992
29.81209373474121
29.811504364013672
29.817590713500977
29.833086013793945
29.94110107421875
29.79225730895996
29.90321159362793
29.758577346801758
29.82893180847168
29.8106632232666
29.873430252075195
29.91314697265625
30.01697540283203
29.786008834838867
29.925704956054688
29.846111297607422
29.854822158813477
29.87269401550293
29.835691452026367
29.913970947265625
29.853803634643555
29.89008903503418
29.901491165161133
29.792503356933594
29.76316261291504
29.816118240356445
29.80365753173828
29.90167999267578
29.94495391845703
29.79094886779785
29.774240493774414
29.88632583618164
29.763765335083008
29.853694915771484
29.755138397216797
29.8024845123291
29.941282272338867
29.85788917541504
29.815937042236328
29.836780548095703
29.806310653686523
29.663978576660156
29.75225830078125
29.727153778076172
29.786962509155273
29.917734146118164
29.766984939575195
29.782392501831055
29.777490615844727
29.708351135253906
29.80536651611328
29.663347244262695
29.728713989257812
29.727191925048828
29.796955108642578
29.69293785095215
29.77237319946289
29.79214096069336
29.763174057006836
29.805654525756836
29.79395866394043
29.76074981689453
29.752702713012695
29.769733428955078
29.877344131469727
29.693078994750977
29.680423736572266
29.846370697021484
29.770198822021484
29.703622817993164
29.7181339263916
29.770671844482422
29.648653030395508
29.731746673583984
29.756620407104492
29.729440689086914
29.805660247802734
29.79345703125
29.802509307861328
29.734331130981445
29.762128829956055
29.63169288635254
29.847606658935547
29.761245727539062
29.72704315185547
29.973119735717773
29.772008895874023
29.617752075195312
29.628398895263672
29.800596237182617
29.798973083496094
29.696632385253906